n = [0:1103];
x = [ 0.187098 -6.976077 -0.246273 6.165980 -0.175092 6.243163 0.586237 -13.560470 -0.282195 2.641361 -0.795893 27.168952 1.813193 -51.681936 5.121367 -208.856309 4.680606 -288.218245 2.077399 -263.191564 1.875323 -246.636548 3.841106 -267.017602 4.188223 -266.713770 2.922808 -252.299944 2.321260 -258.828185 2.775707 -260.251927 4.699993 -261.699396 5.936285 -261.601440 4.957027 -260.221049 4.328257 -260.726302 5.449174 -261.711659 6.294487 -260.336472 5.385260 -259.086369 4.990386 -260.732352 6.859809 -262.039057 7.740266 -260.457214 6.712262 -259.622312 6.144148 -262.571201 7.573399 -263.948049 8.445394 -261.989182 8.015585 -261.703282 7.324781 -263.336253 7.905271 -263.447223 9.168977 -263.120338 8.681911 -264.666913 7.388458 -266.647514 8.312170 -266.033067 10.318892 -265.550392 10.891622 -267.808894 10.838983 -269.832218 14.014103 -261.264201 19.894246 -267.047937 -5.567654 -292.022150 49.131201 -241.426176 10.657370 -260.601581 -17.139759 -344.821129 112.454498 -229.492920 119.259628 -46.735909 11.453906 -100.356785 143.610170 -262.644668 -96.877432 -260.897845 -392.781288 -78.342116 -493.762867 97.047675 -594.040696 185.076100 -486.432004 143.916300 -122.259613 2.431184 -49.195308 -206.631943 30.659105 -135.920130 91.656375 -64.273298 174.480944 2.463165 50.457815 -529.421285 -42.521952 -858.654999 -16.915035 -729.684783 222.559145 -332.549337 491.705234 -554.144212 648.268594 -558.359328 -87.356234 1.831983 -584.059783 282.189274 -66.561769 34.294591 -229.102756 117.934995 -823.271138 -93.962938 -483.623408 -499.532784 124.909963 -10.055945 318.408250 552.097377 -42.955512 -178.458490 -222.468148 -506.543392 -371.547553 -134.491548 -369.647850 109.226824 -605.834713 -451.191501 -543.535939 -259.926083 294.589953 71.968071 736.610349 -370.083697 -175.659483 -563.082710 -637.140123 129.236481 550.326151 238.302856 492.190135 -230.559191 -1245.263054 -518.677136 -1264.076647 -315.501011 425.116959 -140.883748 1210.728365 -227.719146 243.028029 -368.160085 -32.074257 -277.319390 465.445866 -462.942678 102.699695 -637.146153 -823.517450 -348.603840 -512.106585 -197.429197 886.305541 -484.113950 562.773010 25.611267 -1271.045987 457.638490 -1670.805360 255.095518 -328.057083 11.903194 -275.849040 333.859770 -1280.502311 52.680957 -73.072601 -276.908076 784.372713 98.405864 -560.320386 250.420644 -1496.088346 -251.402448 -62.941364 -127.243229 1263.906876 256.230367 674.341409 -587.218761 -30.778996 -1150.470421 68.065243 -361.299609 203.113001 3.229710 -153.021762 -199.814399 -570.683480 -303.924852 -1373.962837 -75.780341 -1676.227423 -97.874505 -633.841535 -186.990191 360.748323 608.590305 629.209174 1689.983176 799.485222 1553.960584 476.024137 338.419731 -1293.680751 -288.501043 -2660.430257 -617.173061 -1602.132700 -879.623392 -276.718169 -177.497741 -279.723969 1068.020698 121.810784 1037.503916 1108.817261 180.618142 600.606003 2.125580 -832.824125 38.138777 -982.560036 -474.143981 -378.352652 -554.511929 -211.114376 -45.546868 58.731472 124.282170 522.037970 -159.404309 468.670966 -283.615936 -281.205049 -348.292891 -668.925301 20.427960 -542.314922 174.022568 -538.486466 -123.914780 -476.284396 52.234345 -17.246929 635.197645 493.087391 541.980615 367.096836 104.632580 -190.514143 -218.391375 -882.174523 -644.292315 -1029.267901 -461.923671 -449.856739 99.260172 164.257026 -43.276143 -191.150625 -500.716444 -1067.368251 -324.487944 -833.760654 259.387376 329.152514 521.884557 811.810103 636.566140 341.777536 494.893266 -30.222631 288.100189 -36.184157 149.704720 -812.079183 -210.780931 -1385.323114 -625.582580 -510.739977 -211.307606 337.916504 547.104419 -111.009235 -88.621999 -366.022326 -1085.007609 645.978166 -452.827912 959.439274 252.862975 -125.856178 -262.318710 -733.374278 -513.523629 25.767458 294.576659 267.208102 395.407256 -741.543040 -542.612897 -857.008742 -497.173388 189.855184 659.332178 368.856653 650.629830 -588.600853 -382.894378 -713.474356 -59.863937 239.496445 920.741173 793.260108 411.920013 195.359216 -849.041074 -1062.114907 -1257.755224 -1434.087505 -837.123263 -637.639526 -124.802453 359.316160 283.936526 389.782061 -431.990058 -510.230909 -1436.901619 -997.036840 -1462.363735 -792.952226 -779.349264 -436.087726 -508.740752 -415.730579 -371.972098 -278.449407 405.762906 547.632113 1157.376297 1501.361154 1023.406171 1360.807800 794.249620 1043.197873 1301.717503 1475.100359 1673.351809 1454.307756 1075.973286 837.228174 489.674516 889.045637 1051.550757 1316.953374 1286.097772 672.240677 -200.379404 -982.758340 -1739.820272 -2079.463707 -2316.899432 -2629.328006 -3080.111663 -3892.647353 -4749.009613 -5474.243290 -6016.545199 -5898.975463 -5348.276722 -4056.188179 -2903.735751 -1698.981291 -1153.554278 -1067.330674 -761.887388 -274.385514 1137.679224 3291.678341 5346.186955 7006.123852 7126.006280 6666.734696 6908.765019 5675.201296 6751.579872 6515.432188 5965.489080 6370.383896 7745.492882 7471.303111 11305.527952 8714.627374 6187.412783 515.451806 -9183.830743 -15099.544891 -21249.559656 -22230.899648 -20407.244549 -16507.772673 -12395.909591 -6962.892403 -3715.840533 1514.404720 5367.511907 8779.276421 10893.053796 10708.113357 7315.710997 4545.132492 -459.907560 -3310.767492 -6195.929469 -7348.221379 -7669.242957 -6256.800137 -4778.585735 -2183.390301 -889.625337 712.802156 2534.117597 3686.330675 6386.264864 9371.356077 11841.093954 12616.112368 11961.711228 7660.019136 4290.217100 2879.697053 4132.733006 7655.247307 11980.886080 9011.089105 5299.884347 -5951.887137 -15896.673500 -22481.271661 -26397.984155 -22983.495890 -18869.020095 -12135.366986 -7240.009449 -1131.904298 1790.414346 7175.729378 10169.240910 13312.028810 14127.096612 13029.225642 8714.409209 5622.024133 610.794323 -1956.412438 -5774.556144 -6780.829296 -9123.201104 -7810.032388 -7064.368459 -4315.437351 -2558.624952 575.704026 1937.192310 3892.013999 4223.655140 2682.584062 549.896099 -716.616971 -1452.474512 -120.158375 958.636497 1588.534854 2128.113336 4341.509337 7696.872121 13182.115791 16929.996812 16989.662606 12926.721677 3667.931746 -6073.497914 -15414.487079 -21698.953033 -22559.406898 -21006.779622 -15365.997038 -9601.299560 -3651.274794 1440.391934 6479.529614 10302.908230 13726.339092 14456.165872 12733.012924 8398.949370 3174.879705 -2592.795462 -7299.635837 -11438.378139 -12628.941901 -13065.208683 -9792.953980 -6591.439547 -2128.720592 622.482176 3975.576515 4772.543824 7214.200186 6352.874210 5665.948085 3664.245942 2555.764155 -84.975157 -497.388038 -2083.507645 -1777.628754 562.004710 6504.892393 10432.353122 18428.763293 15888.568945 15195.010572 5265.492561 -3467.853139 -12486.928535 -19763.889373 -21609.442411 -21435.186707 -16762.696654 -12037.758998 -4743.793715 -514.159474 5857.373336 9292.108877 12485.196561 12781.913720 11651.493849 6323.341999 2577.776108 -2689.868315 -6873.277812 -9532.422030 -10791.151779 -9689.408229 -7417.035326 -2931.887038 -32.147605 3441.295678 4846.133333 6460.547820 5529.619629 4949.444961 3856.988095 3419.974084 1505.962676 1684.936588 -38.612351 -797.382734 937.784555 3710.774277 6086.392412 11461.025066 9795.272747 8566.942403 3363.242550 -5014.336061 -8679.759677 -15980.824939 -13997.577604 -15513.455928 -9079.308373 -8266.397119 -1344.212273 -1263.210486 5064.747623 5045.610682 9288.263509 7148.125693 7314.930814 1484.830474 -419.841035 -5233.107714 -6901.186799 -9059.771565 -6671.816689 -5850.033498 -1241.215922 1252.256792 3809.752450 4245.353126 5241.963012 4006.343658 3832.260941 3387.991916 3390.834563 820.994556 2147.053825 -256.094584 1550.525747 1912.006227 5889.596898 5461.616664 10769.422598 4655.656066 6406.567212 -4332.751696 -5235.555109 -12883.427665 -11422.411648 -13321.044651 -8832.642858 -8754.427958 -3706.778772 -2795.635809 1089.862388 2404.021931 4747.122213 4449.821454 4256.006132 2812.008461 -208.363023 -633.205487 -2790.746286 -2586.971686 -2970.140798 -626.878861 -534.993138 1450.127324 1228.667453 719.790230 -480.245729 581.805048 